Contour #0
{
--About Lines-- 6 lines
<
2 lines are equal
(191, 30)-->(332, 112): Length: 163.11, Angle:30.18
(332, 112)-->(332, 273): Length: 161.00, Angle:90.00
>
<
2 lines are equal
(191, 30)-->(332, 112): Length: 163.11, Angle:30.18
(332, 273)-->(192, 355): Length: 162.25, Angle:-30.36
>
<
2 lines are equal
(191, 30)-->(332, 112): Length: 163.11, Angle:30.18
(192, 355)-->(53, 273): Length: 161.38, Angle:30.54
>
<
2 lines are equal
(191, 30)-->(332, 112): Length: 163.11, Angle:30.18
(53, 273)-->(53, 112): Length: 161.00, Angle:90.00
>
<
2 lines are equal
(191, 30)-->(332, 112): Length: 163.11, Angle:30.18
(53, 112)-->(191, 30): Length: 160.52, Angle:-30.72
>
<
2 lines are equal
(332, 112)-->(332, 273): Length: 161.00, Angle:90.00
(332, 273)-->(192, 355): Length: 162.25, Angle:-30.36
>
<
2 lines are equal
(332, 112)-->(332, 273): Length: 161.00, Angle:90.00
(192, 355)-->(53, 273): Length: 161.38, Angle:30.54
>
<
2 lines are equal
(332, 112)-->(332, 273): Length: 161.00, Angle:90.00
(53, 273)-->(53, 112): Length: 161.00, Angle:90.00
>
<
2 lines are equal
(332, 112)-->(332, 273): Length: 161.00, Angle:90.00
(53, 112)-->(191, 30): Length: 160.52, Angle:-30.72
>
<
2 lines are equal
(332, 273)-->(192, 355): Length: 162.25, Angle:-30.36
(192, 355)-->(53, 273): Length: 161.38, Angle:30.54
>
<
2 lines are equal
(332, 273)-->(192, 355): Length: 162.25, Angle:-30.36
(53, 273)-->(53, 112): Length: 161.00, Angle:90.00
>
<
2 lines are equal
(332, 273)-->(192, 355): Length: 162.25, Angle:-30.36
(53, 112)-->(191, 30): Length: 160.52, Angle:-30.72
>
<
2 lines are equal
(192, 355)-->(53, 273): Length: 161.38, Angle:30.54
(53, 273)-->(53, 112): Length: 161.00, Angle:90.00
>
<
2 lines are equal
(192, 355)-->(53, 273): Length: 161.38, Angle:30.54
(53, 112)-->(191, 30): Length: 160.52, Angle:-30.72
>
<
2 lines are equal
(53, 273)-->(53, 112): Length: 161.00, Angle:90.00
(53, 112)-->(191, 30): Length: 160.52, Angle:-30.72
>
<
6 closure lines
(191, 30)-->(332, 112): Length: 163.11, Angle:30.18
(332, 112)-->(332, 273): Length: 161.00, Angle:90.00
(332, 273)-->(192, 355): Length: 162.25, Angle:-30.36
(192, 355)-->(53, 273): Length: 161.38, Angle:30.54
(53, 273)-->(53, 112): Length: 161.00, Angle:90.00
(53, 112)-->(191, 30): Length: 160.52, Angle:-30.72
>
<
lines are all equal
(191, 30)-->(332, 112): Length: 163.11, Angle:30.18
(332, 112)-->(332, 273): Length: 161.00, Angle:90.00
(332, 273)-->(192, 355): Length: 162.25, Angle:-30.36
(192, 355)-->(53, 273): Length: 161.38, Angle:30.54
(53, 273)-->(53, 112): Length: 161.00, Angle:90.00
(53, 112)-->(191, 30): Length: 160.52, Angle:-30.72
>
--About Angles--
<
1 angle is obtuse angle
(191, 30)-->(332, 112): Length: 163.11, Angle:30.18
(332, 112)-->(332, 273): Length: 161.00, Angle:90.00
>
<
1 angle is obtuse angle
(191, 30)-->(332, 112): Length: 163.11, Angle:30.18
(53, 112)-->(191, 30): Length: 160.52, Angle:-30.72
>
<
1 angle is obtuse angle
(332, 112)-->(332, 273): Length: 161.00, Angle:90.00
(332, 273)-->(192, 355): Length: 162.25, Angle:-30.36
>
<
1 angle is obtuse angle
(332, 273)-->(192, 355): Length: 162.25, Angle:-30.36
(192, 355)-->(53, 273): Length: 161.38, Angle:30.54
>
<
1 angle is obtuse angle
(192, 355)-->(53, 273): Length: 161.38, Angle:30.54
(53, 273)-->(53, 112): Length: 161.00, Angle:90.00
>
<
1 angle is obtuse angle
(53, 273)-->(53, 112): Length: 161.00, Angle:90.00
(53, 112)-->(191, 30): Length: 160.52, Angle:-30.72
>
<
3 pairs of parallel lines
(191, 30)-->(332, 112): Length: 163.11, Angle:30.18
(192, 355)-->(53, 273): Length: 161.38, Angle:30.54
(332, 112)-->(332, 273): Length: 161.00, Angle:90.00
(53, 273)-->(53, 112): Length: 161.00, Angle:90.00
(332, 273)-->(192, 355): Length: 162.25, Angle:-30.36
(53, 112)-->(191, 30): Length: 160.52, Angle:-30.72
>
}
